seed  test_rto  cod_rto  ceiling_PR  LR_PR  LGBM_uncal_PR  LGBM_iso_PR  iso_pct_ceiling  LR_pct_ceiling  iso_savings_Rs  LR_savings_Rs  n_cod
  42    0.1978   0.2827      0.3497 0.3434         0.3433       0.3313           0.9475          0.9821      69786.0759     70860.2017   7174
 101    0.2009   0.2768      0.3400 0.3341         0.3298       0.3195           0.9398          0.9828      63988.6400     64132.9179   7349
2024    0.1987   0.2710      0.3495 0.3420         0.3431       0.3302           0.9448          0.9784      65829.4001     66092.1275   7132
 777    0.2018   0.2719      0.3506 0.3456         0.3412       0.3269           0.9323          0.9856      55717.3904     57782.3096   7211
 999    0.1974   0.2712      0.3361 0.3306         0.3274       0.3162           0.9409          0.9835      65485.4021     66906.1587   7201

mean / std / min / max:
      test_rto  cod_rto  ceiling_PR  LR_PR  LGBM_uncal_PR  LGBM_iso_PR  iso_pct_ceiling  LR_pct_ceiling  iso_savings_Rs  LR_savings_Rs     n_cod
mean    0.1993   0.2747      0.3452 0.3391         0.3370       0.3248           0.9411          0.9825      64161.3817     65154.7431 7213.4000
std     0.0019   0.0050      0.0067 0.0064         0.0077       0.0067           0.0058          0.0027       5184.1906      4793.1020   81.7392
min     0.1974   0.2710      0.3361 0.3306         0.3274       0.3162           0.9323          0.9784      55717.3904     57782.3096 7132.0000
max     0.2018   0.2827      0.3506 0.3456         0.3433       0.3313           0.9475          0.9856      69786.0759     70860.2017 7349.0000
